SJT
lab315
MONDAY
8
9.3
1
65
abhi
0
0
0
0
11.3
13
0
0
0
0
16
17.3
0
0
0
0
TUESDAY
0
0
0
10
11.3
0
0
0
0
0
0
0
0
0
0
17.3
19
0
WEDNESDAY
0
0
0
0
0
0
11.3
13
0
14
15.3
0
0
0
0
0
0
0
THURSDAY
0
0
0
10
11.3
0
0
0
0
0
0
0
0
0
0
0
0
0
FRIDAY
8
9.3
0
0
0
0
0
0
0
0
0
0
16
17.3
0
0
0
0
lab316
MONDAY
0
0
0
10
11.3
0
0
0
0
14
15.3
0
0
0
0
17.3
19
0
TUESDAY
0
0
0
10
11.3
0
0
0
0
0
0
0
0
0
0
17.3
19
0
WEDNESDAY
0
0
0
0
0
0
11.3
13
0
0
0
0
0
0
0
0
0
0
THURSDAY
0
0
0
0
0
0
0
0
0
0
0
0
16
17.3
0
0
0
0
FRIDAY
0
0
0
0
0
0
0
0
0
0
0
0
0
0
0
17.3
19
0
lab317
MONDAY
0
0
0
10
11.3
0
0
0
0
0
0
0
16
17.3
0
0
0
0
TUESDAY
8
9.3
0
0
0
0
11.3
13
1
75
aashu
0
0
0
0
0
0
0
0
0
0
WEDNESDAY
0
0
0
0
0
0
11.3
13
0
14
15.3
0
0
0
0
0
0
0
THURSDAY
0
0
0
0
0
0
0
0
0
0
0
0
16
17.3
0
0
0
0
FRIDAY
8
9.3
0
0
0
0
0
0
0
0
0
0
0
0
0
0
0
0
lab318
MONDAY
8
9.3
0
0
0
0
0
0
0
14
15.3
0
0
0
0
0
0
0
TUESDAY
8
9.3
0
0
0
0
0
0
0
0
0
0
16
17.3
0
0
0
0
WEDNESDAY
0
0
0
0
0
0
11.3
13.3
0
0
0
0
0
0
0
0
0
0
THURSDAY
0
0
0
10
11.3
0
0
0
0
0
0
0
0
0
0
0
0
0
FRIDAY
0
0
0
0
0
0
0
0
0
0
0
0
0
0
0
17.3
19
0
TT
lab215
MONDAY
0
0
0
10
11.3
0
0
0
0
14
15.3
0
0
0
0
0
0
0
TUESDAY
8
9.3
0
0
0
0
0
0
0
0
0
0
0
0
0
17.3
19
0
WEDNESDAY
8
9.3
0
0
0
0
11.3
13
0
0
0
0
0
0
0
0
0
0
THURSDAY
0
0
0
0
0
0
0
0
0
14
15.3
0
0
0
0
0
0
0
FRIDAY
8
9.3
0
0
0
0
0
0
0
0
0
0
0
0
0
0
0
0
lab216
MONDAY
0
0
0
10
11.3
0
0
0
0
0
0
0
0
0
0
17.3
19
0
TUESDAY
0
0
0
0
0
0
11.3
13
0
14
15.3
0
0
0
0
0
0
0
WEDNESDAY
0
0
0
0
0
0
11.3
13
0
0
0
0
0
0
0
0
0
0
THURSDAY
0
0
0
0
0
0
0
0
0
0
0
0
0
0
0
17.3
19
0
FRIDAY
0
0
0
10
11.3
0
0
0
0
0
0
0
0
0
0
0
0
0
lab217
MONDAY
8
9.3
0
0
0
0
0
0
0
14
15.3
0
0
0
0
0
0
0
TUESDAY
0
0
0
10
11.3
0
0
0
0
0
0
0
0
0
0
0
0
0
WEDNESDAY
8
9.3
0
0
0
0
11.3
13
0
0
0
0
0
0
0
17.3
19
0
THURSDAY
8
9.3
0
0
0
0
0
0
0
0
0
0
0
0
0
0
0
0
FRIDAY
0
0
0
10
11.3
0
0
0
0
0
0
0
0
0
0
0
0
0
lab218
MONDAY
8
9.3
0
0
0
0
0
0
0
14
15.3
0
0
0
0
0
0
0
TUESDAY
0
0
0
10
11.3
0
0
0
0
0
0
0
0
0
0
0
0
0
WEDNESDAY
0
0
0
0
0
0
11.3
13
0
0
0
0
16
17.3
0
0
0
0
THURSDAY
8
9.3
0
0
0
0
0
0
0
14
15.3
0
0
0
0
0
0
0
FRIDAY
8
9.3
0
0
0
0
0
0
0
0
0
0
16
17.3
0
0
0
0
